redondez,esfericidad,finalCell3,finalCell4,finalCell5,finalCell6,finalCell7,finalCell8,finalCell9,finalCell10,finalCell11,finalCell12,finalCell13,finalCell14,finalCell15,finalCell16,finalCell17,finalCell18,finalCell19,finalCell20,finalCell21,finalCell22,finalCell23,finalCell24,finalCell25,finalCell26,finalCell27,finalCell28,finalCell29,finalCell30,finalCell31,finalCell32,finalCell33,finalCell34,finalCell35,finalCell36,finalCell37,finalCell38,finalCell39,finalCell40,finalCell41,finalCell42
0.924054205,0.763260961,0.577185705,0.861669777,0.403339794,0.965601075,0.994203744,0.971728733,0.789196533,0.680296686,0.967813285,0.989665629,0.967106562,0.668687527,0.820277057,0.840609826,0.7115066,0.611044359,0.8426497,0.991632849,0.95779348,0.926589262,0.998955815,0.948819953,0.906413484,0.830787479,0.871180774,0.858074808,0.982135019,0.818752047,0.999919624,0.991611176,0.912582596,0.982630563,0.999512738,0.963665842,0.98637373,0.983484214,0.958086533,0.682425632,0.973310379,0.938491087
0.575470328,0.788389206,0.483632549,0.906448762,0.997956099,0.972711716,0.914017487,0.990600362,0.99702306,0.935942609,0.946384877,0.968798456,0.975556457,0.947417677,0.963399823,0.902860495,0.947601695,0.999921347,0.865433499,0.996880881,0.964391532,0.997892332,0.951211989,0.987634036,0.999126849,0.997262876,0.970645705,0.999911569,0.993869171,0.997906501,0.95366341,0.997028987,0.96043454,0.998928387,0.997220269,0.94798069,0.991773746,0.715892024,0.999535609,0.932564558,0.973712919,0.996354771
0.493822485,0.621013343,0.695565235,0.491576072,0.951739535,0.940670558,0.778231245,0.925350828,0.983732787,0.672531752,0.915517658,0.958693216,0.980593278,0.99488038,0.812789356,0.999634535,0.989904853,0.981862825,0.984655091,0.906123168,0.869550985,0.999618342,0.96041728,0.965151222,0.991718331,0.718025373,0.978830141,0.999998401,0.999486013,0.997229378,0.631943478,0.874884319,0.997317016,0.986627577,0.824038061,0.998578877,0.861180518,0.817362024,0.862620972,0.971642081,0.987252921,0.994623332
0.23154141,0.605829835,0.538689215,0.705091896,0.592357126,0.934819922,0.383616649,0.982511215,0.885683247,0.942211603,0.918048415,0.96698415,0.999729092,0.887998655,0.992520691,0.894776266,0.995502848,0.874278859,0.853721525,0.993363386,0.983488455,0.909339511,0.786414191,0.956856123,0.898127231,0.903736453,0.997467247,0.961717353,0.995317902,0.989169039,0.924937511,0.95157648,0.985958943,0.995646403,0.971049552,0.97032883,0.963658256,0.984208137,0.727265201,0.974119866,0.923430254,0.888872478
0.30850482,0.667813122,0.594676352,0.764562628,0.747608832,0.953261501,0.775144913,0.369970228,0.996035901,0.903066162,0.990773668,0.942263193,0.790848385,0.99943701,0.821728774,0.955287448,0.999999655,0.999673547,0.689602233,0.993021614,0.999652282,0.892035953,0.924057142,0.771407756,0.65418105,0.887989669,0.999757146,0.949199134,0.99663008,0.815826061,0.98054528,0.954422705,0.915572276,0.991469615,0.9875705,0.97147085,0.819520042,0.966612946,0.910597045,0.712899072,0.928417872,0.99723697
1,0.91260016,0.339760322,0.825614101,0.832398028,0.962437317,0.513773716,0.996175615,0.899330721,0.780748522,0.981142937,0.853377721,0.951633212,0.999948632,0.825890998,0.999802243,0.999894051,0.99479356,0.960946436,0.876464678,0.929849348,0.829818647,0.648349845,0.914209419,0.957184554,0.708438979,0.97240254,0.656933738,0.940488053,0.851778056,0.877744929,0.877668889,0.951148027,0.998716741,0.980645452,0.995058616,0.746279625,0.894370862,0.991344585,0.977247841,0.995933462,0.998137988
0.215772301,0.492249966,0.805975841,0.978521742,0.688563441,0.998966967,0.994078274,0.882304889,0.980854724,0.934751526,0.996834811,0.957890916,0.893840401,0.910381283,0.880228412,0.977925588,0.990476546,0.816719204,0.992586527,0.862317229,0.990402325,0.961634433,0.949240884,0.728100981,0.804095259,0.999925325,0.973085423,0.997153232,0.97844374,0.929599425,0.972726935,0.988870252,0.832742928,0.943059204,0.97930614,0.728894523,0.91259564,0.638494573,0.854568281,0.994763866,0.960291161,0.993152189
0.589788079,0.744666874,0.223686445,0.656167887,0.4165086,0.6672067,0.999647241,0.937756997,0.996713103,0.955768795,0.982653386,0.987888252,0.867972466,0.948439184,0.9886885,0.994555688,0.978551984,0.994751808,0.927432824,0.769352017,0.897997756,0.973605047,0.932878823,0.962914503,0.797889379,0.973591661,0.859201623,0.858820463,0.763703461,0.899951717,0.759676547,0.847029029,0.971854861,0.759122814,0.65466911,0.990513435,0.915017468,0.942735681,0.828091815,0.961177339,0.998865418,0.884758654
0.311879188,0.707056284,0.601792525,0.885321528,0.985935064,0.539104724,0.985683591,0.77826903,0.996916923,0.931150854,0.990120869,0.83767793,0.741507518,0.967594917,0.835356749,0.990366798,0.584929559,0.990424143,0.904563613,0.999525235,0.922321891,0.973667208,0.9456372,0.587244912,0.957852224,0.943845503,0.983973583,0.984904186,0.976982245,0.987087112,0.881926274,0.799555692,0.985477842,0.961779788,0.809266246,0.798895891,0.926303142,0.995702265,0.922387833,0.999239131,0.999884979,0.798958328
0.471079916,0.686172366,0.557972197,0.732472929,0.857589047,0.929644261,0.997851277,0.999999511,0.894265731,0.998182266,0.985828104,0.972261408,0.924061396,0.853174162,0.898059691,0.903708731,0.970977249,0.913329235,0.992222551,0.994282899,0.997085877,0.940520695,0.991917792,0.976623429,0.988965289,0.994010846,0.803820099,0.87526596,0.738578054,0.997562496,0.858598941,0.976021666,0.979321771,0.983273949,0.990307398,0.921703588,0.977678273,0.918943306,0.964004682,0.96510514,0.750490555,0.998071392
0.97,0.942614019,0.11946246,0.721206452,0.84302217,0.971372455,0.996410531,0.974419353,0.769609531,0.994346867,0.999771044,0.995092289,0.9170246,0.944503264,0.97699276,0.807809366,0.955436787,0.663977311,0.995199049,0.611633453,0.707638304,0.734175653,0.757345522,0.917040268,0.999989553,0.915185941,0.985264712,0.982456466,0.748145088,0.913520836,0.760177438,0.98253344,0.981676897,0.981245105,0.998895189,0.860730279,0.999827205,0.617600581,0.995827186,0.990293178,0.970100032,0.734802611
0.87461549,0.797374487,0.525356553,0.942733304,0.899533509,0.977215195,0.999860105,0.906516276,0.865846527,0.978643767,0.970484151,0.99620453,0.984531668,0.99925356,0.998503833,0.964415143,0.973957303,0.9747639,0.765669103,0.897599092,0.999960491,0.538883301,0.969294926,0.942183303,0.970370754,0.895098364,0.532959364,0.999999851,0.945645498,0.762657208,0.939087621,0.970229478,0.927540849,0.971785298,0.964542185,0.996670672,0.993198308,0.834391185,0.991348977,0.993098233,0.742221907,0.978240245
0.223703772,0.629602253,0.663060383,0.961463299,0.923639242,0.818482478,0.905341693,0.997535583,0.999813487,0.971764055,0.98233759,0.988419651,0.711649638,0.490192372,0.938730659,0.871749914,0.998262611,0.992944773,0.965175865,0.999684936,0.998337397,0.932890592,0.942602306,0.754319491,0.799339486,0.99998849,0.999982355,0.915556811,0.822256213,0.935321317,0.998682749,0.99782318,0.955203107,0.998994843,0.957355164,0.55707078,0.953003628,0.909486059,0.795284824,0.962786001,0.936255073,0.807488375
0.18505016,0.634093463,0.515325171,0.95427719,0.999744768,0.97125263,0.97350905,0.982862041,0.998698644,0.875298321,0.9519225,0.910340356,0.999830648,0.933571434,0.908085253,0.969080344,0.963422002,0.351386555,0.984087789,0.898382891,0.972684052,0.934127196,0.691895567,0.979160464,0.696495428,0.885822671,0.998391221,0.844613938,0.937758497,0.834196869,0.944049974,0.999990703,0.735921136,0.899211348,0.936580345,0.788488426,0.990820738,0.997172111,0.896335274,0.999545214,0.993311599,0.977874755
0.231901497,0.590302169,0.689112441,0.754839513,0.995148307,0.893233325,0.850509406,0.991979989,0.817819202,0.960880799,0.871923439,0.513631852,0.935106904,0.843288445,0.844537132,0.987187791,0.961320475,0.714941438,0.89519306,0.836278728,0.886365399,0.941170278,0.958786559,0.995521989,0.999228335,0.969750739,0.99980035,0.998655992,0.631761743,0.975663136,0.980016404,0.995283103,0.990132074,0.831966663,0.991413077,0.763635351,0.996651746,0.828904331,0.999856457,0.990777051,0.971602987,0.910418494
0.304023951,0.576423407,0.749750894,0.899708943,0.883658824,0.843169421,0.867288206,0.966661835,0.969527974,0.844240821,0.943333422,0.672247896,0.979416937,0.988098812,0.895967814,0.990860849,0.940363632,0.9998129,0.977816307,0.957246808,0.999782975,0.970880221,0.99912022,0.874100482,0.992844159,0.95641363,0.691283638,0.979839737,0.999733014,0.73235484,0.988459246,0.912230109,0.98799808,0.997264689,0.905735566,0.789153143,0.983167523,0.947655959,0.990786437,0.94986389,0.971967245,0.999996862
0.316111505,0.690331876,0.607434793,0.866088183,0.992214511,0.813614293,0.697579366,0.969501243,0.995632834,0.962051132,0.714392671,0.987042104,0.988871545,0.999969488,0.729777875,0.9966154,0.792747515,0.950306303,0.995634718,0.673956845,0.959131486,0.999331609,0.978902421,0.991987215,0.999991587,0.934468766,0.875837904,0.966235659,0.937339627,0.699340329,0.956130113,0.998928463,0.932208267,0.813894327,0.940150568,0.961096146,0.994402447,0.80802538,0.975396416,0.733188045,0.998939624,0.839118414
0.334675074,0.700717866,0.556765077,0.91548297,0.949890137,0.628882994,0.995650462,0.996888573,0.959172728,0.996829617,0.853845597,0.834358365,0.980290275,0.889761196,0.819032447,0.98732632,0.992959359,0.989005324,0.960609991,0.612060211,0.879961081,0.946137145,0.888712313,0.942454497,0.979401946,0.843642657,0.999866517,0.769101131,0.993117533,0.99475925,0.767669465,0.99963417,0.987841754,0.992628426,0.981249193,0.975839267,0.98772587,0.999986386,0.997561041,0.990791959,0.993189392,0.83732749
0.9,0.917662323,0.248542565,0.698293673,0.993188268,0.526409157,0.933085331,0.953301316,0.424636247,0.967909321,0.99463784,0.997217259,0.912179614,0.95653533,0.964024572,0.999352474,0.972159715,0.984989981,0.990980971,0.852172205,0.820178275,0.649758192,0.766426887,0.512800347,0.931670737,0.980903281,0.984808656,0.619466834,0.984534404,0.954137525,0.979150695,0.943686882,0.76683599,0.926431763,0.986634364,0.985550075,0.986309259,0.999302047,0.929049636,0.981233146,0.968406427,0.965171337
0.501936018,0.636335611,0.66219461,0.705853572,0.978962065,0.980439374,0.854950502,0.63524051,0.994356161,0.854247808,0.80361572,0.801817068,0.999594868,0.76483196,0.741127418,0.998577128,0.899547818,0.999242205,0.983097684,0.841999484,0.761450454,0.995324643,0.959703731,0.955035309,0.937873384,0.999269956,0.963277386,0.981970434,0.896214829,0.947515553,0.80812876,0.9753918,0.876825198,0.95447784,0.915096029,0.936570218,0.524562927,0.76008539,0.743392885,0.748463617,0.967761825,0.993863572
0.320524991,0.570282042,0.714968013,0.960180387,0.994389809,0.967175521,0.98567613,0.977805708,0.999751377,0.921300198,0.990769663,0.966305726,0.999694673,0.97809901,0.986197753,0.439045241,0.937486611,0.791907712,0.879825451,0.932348445,0.910909119,0.919070051,0.928278592,0.999966978,0.995474267,0.989103384,0.99976645,0.949586919,0.982584309,0.998995454,0.971194759,0.83643502,0.807787424,0.837742868,0.993655674,0.999956369,0.971037925,0.944285342,0.978734597,0.982814159,0.652490082,0.970398523
0.219801039,0.662464917,0.598185193,0.973496727,0.997728577,0.978689602,0.993412927,0.999144547,0.996013393,0.923015448,0.921530695,0.996542085,0.999948945,0.997401823,0.999820073,0.999750487,0.853099652,0.951686344,0.587885894,0.970752038,0.978710888,0.934222627,0.966332009,0.985406637,0.995130232,0.921382811,0.808021679,0.999232522,0.999457916,0.956109756,0.984017455,0.878002675,0.999576121,0.656085648,0.999341294,0.653518447,0.945662244,0.999980389,0.822130857,0.917510239,0.924708974,0.984958309
0.544028044,0.739044607,0.292029809,0.721670636,0.966677439,0.838350701,0.999992555,0.987855003,0.995704532,0.970000152,0.803761095,0.969401642,0.818220162,0.916039475,0.579721348,0.963572904,0.986970187,0.967421776,0.915807951,0.975542574,0.999959498,0.903397837,0.999987358,0.923730038,0.96068495,0.969461954,0.999089381,0.998267011,0.897735895,0.874752786,0.947643545,0.97542722,0.968979013,0.902061015,0.986250137,0.984014156,0.726897372,0.998755568,0.995378669,0.999602812,0.999722982,0.992435344
0.17817165,0.548113167,0.742160118,0.981517697,0.993920383,0.992673578,0.990809818,0.861229865,0.996491894,0.961503293,0.999184103,0.99578447,0.970180965,0.987972555,0.999800081,0.989906524,0.891362879,0.989555363,0.989669432,0.983066072,0.982531831,0.992329439,0.974603321,0.966587436,0.902251251,0.999782001,0.999834076,0.847314815,0.978821284,0.967285449,0.995274103,0.931077234,0.858018255,0.976682431,0.966612896,0.990733275,0.979257298,0.931202841,0.925644462,0.999620603,0.987453066,0.995912926
0.859085679,0.683197439,0.655122097,0.969514583,0.8097126,0.999831227,0.890177564,0.907084835,0.994336487,0.988323623,0.910666425,0.992460889,0.996357463,0.999101243,0.89804296,0.979908979,0.922604486,0.906452735,0.922506745,0.996160424,0.964268231,0.993353835,0.999385309,0.911573279,0.878157411,0.94760055,0.999728326,0.999794194,0.999163758,0.999944417,0.943204934,0.862915687,0.8174982,0.950444352,0.999940393,0.914581541,0.942368864,0.973489335,0.715094784,0.960887989,0.926447067,0.926225821
0.292403102,0.72232151,0.56697099,0.957520348,0.99403741,0.989723372,0.991926432,0.866157935,0.982280337,0.960358876,0.760805315,0.999648777,0.877314166,0.993463507,0.952357561,0.996759185,0.994228394,0.999999993,0.998666632,0.980781726,0.427844697,0.999969319,0.934179569,0.888649944,0.967745159,0.99286543,0.964845228,0.850476986,0.993671227,0.995406408,0.857201958,0.987895585,0.904041406,0.987081742,0.933425133,0.948255086,0.92732592,0.998224638,0.984517617,0.997578487,0.996376985,0.925648128
0.19597131,0.737517357,0.49966161,0.999624814,0.990211375,0.923239389,0.995392893,0.711826603,0.999858828,0.978580723,0.890815511,0.9988385,0.92004228,0.999944146,0.694990267,0.988691239,0.982216444,0.986834499,0.999682077,0.98029882,0.698183404,0.985950131,0.917370938,0.994765223,0.99065233,0.96177325,0.938480138,0.940251251,0.990755845,0.98990058,0.892806957,0.999983691,0.991308539,0.993175415,0.925772862,0.998662499,0.999997297,0.993327422,0.858548707,0.601116656,0.93904102,0.909143806
0.440263897,0.637313664,0.704980878,0.892965991,0.948602663,0.968203239,0.970685972,0.997595041,0.843042614,0.980278425,0.967015618,0.991932549,0.821620278,0.871906305,0.807466086,0.920062586,0.964499015,0.994117094,0.99970039,0.990075514,0.767786767,0.830962652,0.840279032,0.993957237,0.998749533,0.896955155,0.89150989,0.999716342,0.918415326,0.858866359,0.997944613,0.951363111,0.998742482,0.752721488,0.999880244,0.993475524,0.995300864,0.934212479,0.99482784,0.951376438,0.999997845,0.934861747
0.258476794,0.508464158,0.727773022,0.9741794,0.869095295,0.999712709,0.987374056,0.986628116,0.98279268,0.883515476,0.999999993,0.966516302,0.977164817,0.988062465,0.968105356,0.987284869,0.952541768,0.99997577,0.976412356,0.993539325,0.996133295,0.893876908,0.98141471,0.999402801,0.974388198,0.993444937,0.982123797,0.99446093,0.986828811,0.995495598,0.925333638,0.999361612,0.999391909,0.926614854,0.988120042,0.909696003,0.954443893,0.99446342,0.983711112,0.999475958,0.984001254,0.973153914
0.151664943,0.666224301,0.524611875,0.980684656,0.98566181,0.99109234,0.811029099,0.970870073,0.992935956,0.946324719,0.60968071,0.97268759,0.998490115,0.923635462,0.879343759,0.948859796,0.993476516,0.999996127,0.874412958,0.997128187,0.975676071,0.957595046,0.998168884,0.962281276,0.993641085,0.97854819,0.993319167,0.950708872,0.996566166,0.999958368,0.971482908,0.947733256,0.999830408,0.992552582,0.921904929,0.986430964,0.991894504,0.605165347,0.861680072,0.955575337,0.975543105,0.999717471
0.255017757,0.579592824,0.764090731,0.953474571,0.884014585,0.984356033,0.979532874,0.997297782,0.912596595,0.842553305,0.93883546,0.946309037,0.994017268,0.98076237,0.967885206,0.95091444,0.620787916,0.86235202,0.911717852,0.988157421,0.999838509,0.965311464,0.827863972,0.760378128,0.975765598,0.979991536,0.999993157,0.935276984,0.999773539,0.976155555,0.994707469,0.824820303,0.999959617,0.994230619,0.705739179,0.994757985,0.544866577,0.996054379,0.984295831,0.983274741,0.856390072,0.91473926
0.263922423,0.417666197,0.873132187,0.882875164,0.301316746,0.893415657,0.979562196,0.998190291,0.999977059,0.911531206,0.995888173,0.874302979,0.999508525,0.981621031,0.980063793,0.971879083,0.999595993,0.978901525,0.996446041,0.934483501,0.999629742,0.997007477,0.883654447,0.999357642,0.930129113,0.923336316,0.991660041,0.999221201,0.737655262,0.691451455,0.936519476,0.959668272,0.9748695,0.921419911,0.995355496,0.890815002,0.780208687,0.923994678,0.99641483,0.669732095,0.916608282,0.968775091
0.749420941,0.67888391,0.649427706,0.864060616,0.877377357,0.944405708,0.997911112,0.955878225,0.80349151,0.520045276,0.996251581,0.960744318,0.964010108,0.994266136,0.999397135,0.975819593,0.944055107,0.998739622,0.976910716,0.997172782,0.999036112,0.693990032,0.947288204,0.905020658,0.953046815,0.9483136,0.998226184,0.864059033,0.999870006,0.905388528,0.988615977,0.788941794,0.977046011,0.87511403,0.961195494,0.99060986,0.915896183,0.997851186,0.977940928,0.836413924,0.946057711,0.968559293
0.20507589,0.717752695,0.378071096,0.973834826,0.999788384,0.961953177,0.999232242,0.748278795,0.985383522,0.749794495,0.981902063,0.980095488,0.91372984,0.999988974,0.991046139,0.982593052,0.585378535,0.711593788,0.599943747,0.973163427,0.627510874,0.949123889,0.995544356,0.987478354,0.902029321,0.999864493,0.9965186,0.972919959,0.997674503,0.993108797,0.984163268,0.999992603,0.943963666,0.99193868,0.992818796,0.996994481,0.974786102,0.993595366,0.999002884,0.787693308,0.870532884,0.725221384
0.602684617,0.731128514,0.464065289,0.678472267,0.971953977,0.926785631,0.906016045,0.987004055,0.830212462,0.802295107,0.910542338,0.615420952,0.931989381,0.998119917,0.962424462,0.824606274,0.963898678,0.992821815,0.998669066,0.717665298,0.990477462,0.995204372,0.999140382,0.799678816,0.999222378,0.999723446,0.721986854,0.926142089,0.937998422,0.944960404,0.899805644,0.994611514,0.977072898,0.889798548,0.99439186,0.613295857,0.976981225,0.936635715,0.492403303,0.982896614,0.959011703,0.679731572
0.324459612,0.638038278,0.559354877,0.89591444,0.997298853,0.870004419,0.846719881,0.932060775,0.83070345,0.96095418,0.992767809,0.80461785,0.968054311,0.939180514,0.980719133,0.963330382,0.9737875,0.999824875,0.995169074,0.893160885,0.996665983,0.999607306,0.988987775,0.984186559,0.998296204,0.961011153,0.999291663,0.972866627,0.683843885,0.979513484,0.506614216,0.842322621,0.989031989,0.908693871,0.989805588,0.981185134,0.943316699,0.937269887,0.955596882,0.988389183,0.937542563,0.999478404
0.302688241,0.6934852,0.647088596,0.916104664,0.739621964,0.996276,0.962231703,0.967336924,0.870947859,0.983335711,0.992559047,0.990903403,0.998571012,0.975978064,0.989766776,0.679751807,0.903566745,0.724617967,0.758560301,0.988096841,0.59436894,0.778588198,0.997739215,0.978466002,0.687341464,0.331202851,0.981842742,0.976242431,0.674210624,0.993220891,0.992608793,0.98174159,0.995462,0.771150263,0.730164368,0.962613572,0.945032025,0.998335691,0.998272439,0.873823848,0.997209617,0.902929729
0.96,0.933343112,0.268352243,0.440455425,0.999946677,0.996716538,0.988372361,0.931169826,0.998436066,0.999341846,0.869760145,0.701656868,0.98025141,0.887330341,0.519058601,0.962935315,0.932436054,0.9765624,0.883541947,0.937511631,0.996713739,0.99842386,0.980947256,0.973811636,0.982118396,0.939621044,0.827206722,0.996283351,0.515970561,0.98384396,0.795556703,0.998205121,0.998346833,0.910210225,0.953820276,0.932551022,0.962527725,0.999559954,0.789617736,0.988272571,0.945433567,0.976747166
0.694330037,0.682335496,0.597266635,0.667616784,0.963366244,0.840063465,0.985529373,0.87991995,0.905239493,0.998817769,0.91981012,0.83623662,0.955447538,0.901455648,0.972220897,0.653690815,0.957410213,0.956101066,0.956037516,0.739809655,0.998481366,0.956451135,0.99002531,0.989481819,0.894726159,0.679168049,0.995621168,0.999589719,0.993602243,0.997705718,0.986674753,0.999021432,0.246810375,0.987716787,0.990751627,0.991830401,0.912998045,0.92985152,0.999921197,0.998605954,0.882671608,0.935737059
0.215642557,0.662770689,0.619920773,0.872404195,0.713089424,0.723442405,0.932530854,0.989434945,0.757205118,0.999953089,0.991633361,0.995172887,0.992118637,0.974520191,0.99412523,0.991167535,0.886809649,0.999551593,0.863895575,0.619691697,0.999986568,0.984074138,0.999135138,0.969446763,0.995113595,0.994758194,0.938222347,0.991540087,0.949306458,0.995451783,0.991420028,0.881898023,0.883350472,0.992495869,0.739094548,0.952575699,0.870158584,0.873812677,0.987653347,0.958276187,0.914346462,0.999926304
0.504956484,0.61079067,0.65056554,0.821189502,0.859092957,0.642044656,0.963791315,0.881595433,0.997379476,0.884261673,0.986703191,0.910746587,0.988913799,0.989822576,0.935937195,0.998977236,0.997161226,0.931192972,0.941323772,0.897882568,0.878400426,0.964007275,0.47150629,0.877190974,0.884848687,0.973049211,0.955185111,0.989963281,0.895360479,0.90028818,0.925701458,0.875119145,0.973724685,0.790522072,0.998022064,0.947245207,0.945421169,0.959415977,0.900520203,0.820342043,0.924489466,0.843179673
0.311809897,0.741669834,0.544652042,0.896984254,0.995317161,0.995866718,0.713462307,0.940784629,0.992716565,0.867140152,0.848778758,0.88446327,0.932819686,0.969067633,0.855242141,0.936551606,0.873508391,0.994142383,0.912062752,0.915074366,0.897813805,0.900180184,0.99990099,0.978734081,0.935681023,0.997800728,0.989411451,0.99149293,0.537243931,0.999993551,0.95082989,0.946432939,0.969309575,0.999099861,0.988870322,0.999299624,0.989456451,0.8700921,0.911456795,0.932934527,0.850629298,0.985574887
0.98,0.908187628,0.311819348,0.782260519,0.999999997,0.880032916,0.94326646,0.909273583,0.942720778,0.97741066,0.991518222,0.969518897,0.908012618,0.973459345,0.892578953,0.946749163,0.999954697,0.828904677,0.946909709,0.997605657,0.592942156,0.964625723,0.999538001,0.999357957,0.997283244,0.851278413,0.995566795,0.992639638,0.793146969,0.991602456,0.943669262,0.897865809,0.928444861,0.964265878,0.98897642,0.976440857,0.989896803,0.999996271,0.996310152,0.960545165,0.987944561,0.987377
0.220997289,0.704324305,0.297163197,0.671268064,0.998483047,0.999149764,0.941818532,0.99995071,0.809026643,0.789098993,0.909980919,0.977012723,0.97135434,0.966581202,0.998102739,0.890443773,0.99144515,0.881768503,0.992573457,0.987161046,0.999266578,0.997708408,0.902120821,0.864555618,0.950299875,0.927108384,0.937425725,0.990676066,0.949452576,0.94731978,0.883387585,0.995435133,0.957491004,0.999951307,0.990559257,0.999879478,0.450241755,0.993728485,0.956122876,0.952211965,0.696126242,0.99015569
0.53413707,0.573302746,0.698897838,0.664307639,0.998093835,0.912413998,0.937799409,0.90380543,0.99158162,0.947179612,0.967442025,0.999487593,0.81312872,0.968924954,0.996962248,0.929616997,0.868509702,0.598409797,0.999787566,0.999771034,0.696806508,0.859035874,0.887362906,0.990742534,0.997621219,0.999991042,0.928034161,0.978990537,0.996909508,0.970701515,0.869451129,0.950644368,0.91831774,0.936437955,0.985607576,0.762045639,0.99771024,0.966279637,0.864580075,0.979335393,0.999582363,0.935026264
0.1842895,0.744346082,0.447463124,0.947153281,0.30140781,0.999849521,0.920295953,0.999932322,0.851631433,0.956487283,0.933238312,0.995634817,0.962248952,0.946455529,0.997959684,0.942559065,0.924776456,0.992452649,0.891002183,0.926301199,0.996425531,0.847022497,0.668949575,0.765298728,0.966330061,0.937020708,0.375118343,0.944273988,0.940613265,0.930248196,0.919184387,0.927236311,0.968947779,0.998804701,0.9980397,0.892556967,0.525743645,0.961440001,0.706445766,0.98840781,0.948599331,0.926500099
0.347545296,0.608262658,0.668498467,0.592367442,0.94240215,0.894634116,0.970083853,0.847574153,0.996635196,0.996742279,0.77453674,0.998369235,0.886167868,0.908409291,0.833104308,0.897335361,0.974904607,0.987428308,0.932919965,0.97917366,0.995660921,0.998332204,0.99805465,0.981948504,0.999884713,0.965654811,0.736219966,0.954487271,0.959779631,0.982270097,0.80399088,0.990731577,0.93697241,0.975970912,0.995791334,0.911531734,0.954283869,0.999927515,0.996366727,0.991619833,0.88833318,0.45131182
0.9,0.932861567,0.257943604,0.998764203,0.990986607,0.905318766,0.991832802,0.999687614,0.999149592,0.998174275,0.516490553,0.97465549,0.879159039,0.905351769,0.807768898,0.999371909,0.713184631,0.95638243,0.986872793,0.992598791,0.97633265,0.998804115,0.994344859,0.973101793,0.999939835,0.969659823,0.945986465,0.941340445,0.787662164,0.642075768,0.967778153,0.991178878,0.990024512,0.984605399,0.997697788,0.650837879,0.965310202,0.981994997,0.992942352,0.832397675,0.909464309,0.953749648
0.225993767,0.497636527,0.765942037,0.972179775,0.986094906,0.93201845,0.973940563,0.990524577,0.980864011,0.949421662,0.819439864,0.997566038,0.999034739,0.990188155,0.915169103,0.99998618,0.999030348,0.657545111,0.922693836,0.999803541,0.878623565,0.648897847,0.952850992,0.955769177,0.84073742,0.937643326,0.997284326,0.725786014,0.988416265,0.802932942,0.905814702,0.989510563,0.999958662,0.975606469,0.982750222,0.952133008,0.694222426,0.973584384,0.999330582,0.95064346,0.968720506,0.997316946
0.311469316,0.506611466,0.72349905,0.976442318,0.869514924,0.87308361,0.899225392,0.930588186,0.809599247,0.998270797,0.937833308,0.966740304,0.916804528,0.698346204,0.98922528,0.99321819,0.96748218,0.999477292,0.99844043,0.988095001,0.999173514,0.983451934,0.863482814,0.994077217,0.804478226,0.983329853,0.914829019,0.822114178,0.997922482,0.999557174,0.996147715,0.944372468,0.996721106,0.977378967,0.919767219,0.998072323,0.978978502,0.977928059,0.993153004,0.87543097,0.954534612,0.998276578
0.232218146,0.721807837,0.516265172,0.97362239,0.965199377,0.999182379,0.979485146,0.784828754,0.902470369,0.82922908,0.97698139,0.707315684,0.962546458,0.922018189,0.784954651,0.988915,0.865633816,0.943214532,0.975174352,0.991455115,0.992783872,0.996138547,0.916785638,0.917115339,0.911099778,0.999935053,0.944634185,0.946218131,0.682517037,0.999356765,0.94403948,0.999966091,0.993782709,0.860944624,0.814474206,0.984624842,0.942211304,0.983776379,0.988276662,0.895821239,0.88201244,0.973334907
0.216417655,0.669341683,0.42873507,0.961274581,0.948058444,0.94057997,0.975050448,0.996834013,0.947885722,0.998860775,0.901839855,0.999905608,0.993640734,0.991710534,0.999281973,0.999430128,0.714103143,0.906638418,0.982046255,0.90583631,0.904082957,0.962905141,0.999909554,0.946037088,0.900928108,0.959106417,0.956503715,0.506493887,0.939729061,0.758349537,0.976831716,0.975890742,0.734460819,0.92960886,0.873459051,0.995492986,0.636154927,0.999439847,0.981641784,0.997541821,0.996257745,0.96929339
0.237891749,0.849534869,0.350357315,0.909142948,0.989305122,0.99938875,0.950455141,0.997950432,0.970329123,0.998776825,0.999604633,0.934592859,0.713651431,0.999633529,0.996526695,0.992657651,0.918944299,0.929058513,0.992946766,0.964432667,0.99867634,0.931196214,0.986595388,0.990071733,0.998879144,0.911857356,0.893804059,0.908994477,0.988333086,0.859245808,0.997205216,0.993690481,0.999991205,0.904440053,0.970339854,0.998819455,0.939375974,0.912335223,0.795720083,0.963918844,0.977770141,0.996089239
0.242952392,0.642964423,0.334843286,0.73951216,0.95105203,0.466175114,0.986680365,0.998121203,0.958033003,0.616826011,0.988346121,0.986857357,0.990902882,0.809271156,0.972740299,0.967948347,0.961110625,0.809663323,0.978947493,0.762149418,0.986162947,0.999101348,0.977811593,0.922961683,0.796205068,0.99956193,0.951496537,0.872491647,0.920520887,0.851581561,0.957957412,0.916731182,0.956498884,0.912728642,0.987816884,0.900215763,0.957015655,0.882219518,0.982789847,0.979481362,0.70553974,0.999943535
0.280320287,0.704193711,0.480592388,0.583249359,0.984075883,0.99938249,0.990301928,0.799216143,0.77488169,0.870767466,0.968729951,0.812438276,0.999834236,0.991476353,0.969242215,0.994894922,0.982725334,0.914769505,0.996783145,0.901229834,0.991258446,0.999986363,0.951341069,0.99922394,0.843942845,0.999989366,0.988803189,0.999975665,0.769708932,0.858995365,0.727716192,0.94746856,0.995665096,0.956293856,0.999996508,0.903836369,0.999786937,0.923636548,0.639628183,0.953060496,0.991902693,0.850107716
0.26648894,0.476097047,0.80946094,0.876739026,0.877192982,0.956502302,0.999193356,0.971623665,0.999966394,0.997180079,0.960600022,0.999104646,0.969053298,0.944625308,0.702544809,0.981906135,0.978482597,0.999907722,0.95331569,0.965799516,0.949535941,0.964434771,0.956825374,0.975915768,0.711851238,0.974719725,0.991733833,0.919687539,0.748856494,0.971646024,0.928441305,0.728160627,0.592802404,0.942197615,0.700426844,0.999612134,0.80396049,0.673872178,0.996618712,0.537446448,0.870761426,0.994499899
0.262890548,0.592410088,0.710571109,0.600181297,0.751356983,0.885291689,0.943330055,0.953129708,0.926609262,0.735524244,0.990965288,0.855805761,0.998533292,0.550684837,0.646315717,0.999627019,0.909982157,0.985505389,0.981341699,0.98009145,0.891406006,0.88503359,0.926999155,0.880708285,0.970987655,0.999269504,0.984734483,0.967880052,0.782829678,0.911273531,0.752003978,0.932074493,0.965700284,0.996229818,0.856821927,0.988658586,0.983523494,0.834418752,0.913019494,0.726129226,0.999931252,0.8650188
0.169817924,0.656948328,0.609114396,0.852814165,0.950747127,0.90048387,0.996684377,0.968302206,0.931629591,0.989019815,0.911967862,0.988736535,0.96347898,0.840655932,0.991830221,0.889598395,0.99418436,0.469805544,0.993328055,0.901662345,0.977334163,0.996677775,0.687501269,0.999761159,0.982314703,0.79189585,0.999687089,0.689279221,0.999929451,0.897095284,0.909708294,0.996856022,0.996218482,0.684113764,0.988982117,0.999895241,0.982338316,0.549686525,0.961931758,0.619881013,0.915242077,0.999254652
0.273731709,0.540304959,0.741334022,0.955337955,0.861666558,0.95108521,0.962876661,0.80253094,0.871065803,0.95245576,0.999716232,0.99670418,0.904091083,0.999822885,0.998463071,0.986156395,0.947166122,0.934217744,0.942511226,0.956815613,0.76223371,0.890681083,0.932312983,0.997971115,0.957034119,0.999870458,0.999817418,0.817007366,0.678735773,0.972361603,0.98240642,0.920996009,0.98725476,0.996812385,0.905112764,0.960463711,0.996054186,0.968875184,0.889622266,0.919650135,0.926394525,0.862611769
0.232218146,0.721807837,0.516265172,0.97362239,0.965199377,0.999182379,0.979485146,0.784828754,0.902470369,0.82922908,0.97698139,0.707315684,0.962546458,0.922018189,0.784954651,0.988915,0.865633816,0.943214532,0.975174352,0.991455115,0.992783872,0.996138547,0.916785638,0.917115339,0.911099778,0.999935053,0.944634185,0.946218131,0.682517037,0.999356765,0.94403948,0.999966091,0.993782709,0.860944624,0.814474206,0.984624842,0.942211304,0.983776379,0.988276662,0.895821239,0.88201244,0.973334907
0.262890548,0.592410088,0.710571109,0.600181297,0.751356983,0.885291689,0.943330055,0.953129708,0.926609262,0.735524244,0.990965288,0.855805761,0.998533292,0.550684837,0.646315717,0.999627019,0.909982157,0.985505389,0.981341699,0.98009145,0.891406006,0.88503359,0.926999155,0.880708285,0.970987655,0.999269504,0.984734483,0.967880052,0.782829678,0.911273531,0.752003978,0.932074493,0.965700284,0.996229818,0.856821927,0.988658586,0.983523494,0.834418752,0.913019494,0.726129226,0.999931252,0.8650188
0.336610645,0.692820013,0.604818588,0.841664132,0.997412821,0.977033205,0.682902757,0.999971107,0.999631738,0.999083785,0.99122169,0.806881143,0.999969063,0.955204545,0.874933516,0.909929295,0.984994774,0.998266854,0.777156584,0.567357685,0.996938821,0.947937012,0.973046275,0.894805776,0.998382145,0.906340452,0.996600804,0.86666648,0.998006877,0.998822389,0.933415377,0.999352228,0.994234059,0.977592873,0.717906299,0.999919481,0.653326279,0.993508429,0.959859278,0.955571101,0.938941345,0.940458642
0.35,0.610486031,0.62843465,0.917498741,0.963027936,0.99966126,0.994196417,0.973173975,0.880632798,0.90393768,0.952402939,0.920832067,0.917752019,0.62385707,0.963870163,0.884792024,0.877622233,0.993177862,0.994642082,0.7926749,0.851804086,0.999611984,0.99483929,0.992007883,0.908117237,0.994716327,0.968254506,0.909764456,0.970378955,0.998485041,0.982907992,0.6475265,0.992284174,0.950763492,0.993863831,0.999909728,0.994295357,0.998841039,0.985644326,0.999758124,0.975273739,0.983693597
0.231775209,0.487008154,0.80560075,0.880337856,0.90367704,0.771444968,0.941181767,0.99929032,0.988240613,0.989133803,0.985322733,0.883069275,0.920798537,0.951788632,0.8554346,0.996360156,0.923527188,0.996001236,0.982973372,0.997879876,0.959670126,0.978883908,0.972053414,0.980780877,0.869946794,0.898568166,0.942981845,0.994321292,0.999933292,0.855247762,0.999655813,0.999310229,0.996805804,0.889605836,0.976942063,0.956403152,0.995528553,0.999920782,0.957491891,0.941072965,0.993625812,0.998562195
0.427185357,0.677308321,0.567960706,0.852359192,0.990530391,0.694185303,0.932657868,0.999951754,0.950670688,0.580460138,0.787355299,0.894113362,0.933519354,0.997704498,0.854228415,0.907427097,0.655033201,0.760723688,0.991860559,0.922041283,0.616518027,0.982028848,0.995476388,0.999746535,0.984031715,0.768698894,0.73905019,0.785385382,0.8273183,0.912390839,0.999575917,0.923696719,0.910813172,0.979501315,0.978313396,0.961289806,0.980974392,0.859019137,0.984108059,0.998992216,0.288212772,0.998116839
0.239660159,0.616454005,0.690085785,0.767774313,0.987045468,0.945405152,0.987173813,0.947531494,0.928355647,0.951890553,0.97246757,0.942108741,0.985373107,0.944255737,0.980977814,0.818032381,0.979052623,0.999297942,0.950514382,0.978706293,0.932442687,0.998891298,0.97995564,0.987759285,0.983144902,0.923447206,0.563456278,0.99471115,0.999985331,0.979352952,0.980096494,0.995331107,0.987745286,0.857736844,0.801635107,0.885559392,0.982500254,0.951846007,0.97619561,0.93979549,0.992463583,0.990681795
0.284855098,0.595936775,0.734159924,0.924455295,0.691002571,0.999027818,0.996599434,0.984136598,0.98303218,0.944946966,0.978479685,0.98252979,0.999713787,0.956859797,0.997998362,0.87477515,0.982167838,0.551105102,0.999769321,0.902670343,0.994577649,0.999201402,0.928304748,0.99871077,0.900592251,0.838334618,0.867743144,0.99946605,0.994092968,0.771394408,0.906612395,0.791209355,0.792594268,0.96460632,0.989139482,0.86435439,0.914297039,0.998635887,0.999687306,0.819258529,0.935260729,0.939615697
0.18584682,0.647197425,0.53059327,0.503473313,0.996184988,0.798647992,0.996912123,0.991981592,0.894707364,0.745785019,0.945777208,0.757133659,0.900450397,0.881696496,0.821795772,0.997117958,0.999966344,0.547780097,0.896841911,0.966539802,0.916687702,0.900065752,0.971236309,0.998980619,0.931131743,0.998124027,0.989366066,0.999284875,0.986502837,0.992578015,0.990349457,0.94296073,0.906870521,0.875907514,0.999157429,0.881530073,0.983696285,0.95495801,0.976660164,0.904381563,0.958649351,0.550872418
0.275015712,0.555411756,0.757997875,0.728731741,0.997925391,0.967664436,0.83563651,0.989626075,0.992734578,0.839270932,0.978471844,0.980710178,0.995002731,0.877021445,0.982775877,0.948811691,0.999866029,0.931435723,0.917094053,0.962654877,0.989933697,0.940390472,0.959090622,0.974692199,0.993873779,0.990696082,0.96790212,0.971986098,0.786805582,0.789435672,0.984039431,0.955104125,0.99539999,0.967313236,0.939890505,0.978764862,0.999994106,0.824354884,0.929782137,0.941235077,0.830233078,0.838454233
0.224420816,0.55507201,0.740312438,0.96241337,0.894386249,0.853024948,0.962882698,0.887078157,0.559065513,0.992084236,0.678370839,0.968164448,0.864589646,0.999919645,0.965005498,0.884054126,0.988820758,0.970415343,0.981776225,0.910488308,0.875963671,0.816171308,0.579917371,0.990401594,0.899570861,0.932672713,0.84908795,0.850606644,0.643043451,0.991348652,0.979213768,0.994761211,0.972545595,0.951888492,0.999610873,0.996601089,0.988757711,0.99606051,0.965045561,0.93573006,0.96669314,0.901286176
0.279571384,0.704187691,0.380656706,0.74427207,0.943901603,0.975173206,0.978738905,0.648264003,0.636018806,0.893897434,0.924110855,0.995463326,0.96580679,0.986591823,0.987805524,0.939916642,0.845386138,0.93525307,0.848372711,0.999980465,0.926471855,0.938017585,0.999932979,0.99443506,0.815981349,0.959370085,0.903447394,0.995594197,0.881377948,0.999420552,0.989059591,0.988573504,0.970292215,0.977082229,0.988316852,0.89297491,0.987729345,0.997133353,0.850947518,0.970823373,0.626995771,0.999103909
0.23982954,0.649605691,0.530348576,0.757433694,0.993806764,0.833380435,0.892776271,0.998313013,0.831400357,0.949540937,0.9403152,0.915660348,0.999657895,0.890824971,0.999759463,0.524657268,0.999974347,0.993465637,0.741285046,0.957950072,0.879812749,0.91627505,0.904176272,0.985215438,0.998933462,0.811987526,0.997391081,0.918739937,0.833572876,0.956802772,0.986850076,0.999159786,0.924943985,0.832664235,0.916448003,0.831480304,0.970031951,0.998982435,0.908851193,0.973024595,0.426753267,0.775936443
0.243406042,0.65122962,0.599390876,0.820102559,0.97954983,0.976637936,0.995430638,0.930731817,0.989301848,0.82529371,0.968889345,0.905019023,0.997791255,0.966539559,0.997913729,0.977996887,0.999731681,0.865107683,0.550617063,0.863028235,0.999981824,0.996079365,0.820621673,0.990507997,0.949678878,0.854701633,0.999935439,0.988510979,0.984362214,0.778220513,0.770127876,0.947861981,0.830478508,0.98838313,0.998525247,0.799205144,0.988641874,0.960495024,0.779196853,0.825077262,0.878864284,0.707178415
0.256526887,0.67787236,0.560766237,0.826002324,0.999554906,0.798810333,0.888548181,0.96716297,0.990876271,0.986976934,0.980405853,0.711231233,0.98457481,0.962450425,0.957417284,0.999362667,0.93352176,0.996919373,0.966250455,0.905433738,0.918527271,0.853677617,0.984000654,0.993619759,0.932639227,0.986121642,0.996055466,0.72112032,0.95594906,0.762374785,0.986550211,0.905419596,0.82932087,0.943336714,0.981520636,0.956751208,0.916114485,0.944148684,0.845985042,0.956367717,0.9297286,0.937063131
0.209331796,0.743422091,0.279143202,0.78437068,0.931886714,0.953292565,0.992722455,0.994473285,0.965763973,0.763574582,0.926657319,0.883998889,0.780033712,0.99505562,0.88946221,0.99951518,0.593872657,0.982861246,0.976571154,0.984517269,0.935460011,0.915739924,0.993763315,0.996543087,0.776283019,0.994440524,0.934247163,0.953807119,0.999889089,0.892819334,0.971364532,0.984136038,0.758226181,0.91689077,0.987243792,0.938875231,0.683334228,0.823987484,0.923760649,0.998619613,0.795825568,0.999970654
0.256434858,0.668826103,0.513056299,0.76993374,0.997826603,0.609047041,0.450484254,0.898862674,0.963585471,0.986853512,0.997283431,0.742064958,0.977168883,0.692454474,0.949992991,0.987684684,0.991887934,0.888574455,0.998571175,0.996027226,0.967194563,0.960484135,0.902498964,0.999738278,0.959347353,0.983534032,0.981137091,0.971882145,0.985851162,0.644573163,0.721032836,0.999634131,0.833326473,0.617892853,0.997687116,0.881449008,0.998937956,0.972536172,0.720306873,0.912466207,0.860881,0.99989218
0.240051135,0.548894048,0.75595567,0.936065575,0.842819489,0.888409692,0.998842445,0.590705706,0.901496538,0.931542538,0.994435473,0.791974742,0.897011228,0.999987268,0.990296671,0.993415766,0.981792276,0.908035482,0.999975898,0.996327116,0.658014059,0.685582482,0.997631234,0.908556318,0.604282637,0.916942346,0.918239433,0.976070329,0.777805774,0.988954311,0.939978011,0.999468991,0.987497533,0.993567059,0.85156808,0.996930057,0.993462521,0.334951438,0.951163268,0.965087669,0.975075676,0.965530149
0.217808411,0.633381963,0.609148241,0.376724461,0.999636777,0.911120427,0.81901929,0.987187739,0.795720612,0.989367879,0.909160071,0.957476435,0.536503981,0.660300241,0.94350927,0.92925321,0.998324934,0.849551619,0.801730223,0.703335903,0.99991976,0.973663121,0.863755317,0.996038099,0.995618088,0.957172099,0.916380095,0.997165734,0.806405867,0.999997428,0.766537735,0.62227911,0.945772515,0.931190103,0.963329452,0.946967967,0.944398634,0.960241454,0.997924024,0.999943329,0.999890867,0.852262185
0.207042322,0.692179441,0.227661969,0.877858325,0.691111085,0.97911922,0.758079143,0.994068884,0.814924251,0.998639879,0.983519322,0.999543943,0.831776622,0.687530317,0.893193941,0.989077475,0.985657021,0.992587717,0.99340088,0.974454995,0.987623683,0.759013549,0.922992494,0.917932995,0.985878616,0.927412394,0.87848889,0.732843081,0.983996105,0.989967039,0.972250808,0.913855576,0.998532849,0.870167077,0.923971136,0.807758218,0.995586706,0.939437315,0.934083028,0.751003946,0.950292981,0.881450212
0.295051038,0.594729722,0.69519464,0.788577362,0.942459145,0.911355228,0.702946967,0.957672667,0.905059397,0.888690796,0.805505198,0.454377702,0.922989977,0.976364942,0.990086896,0.895216292,0.782719576,0.998538586,0.921520524,0.985740831,0.836137948,0.998685986,0.909459744,0.924057182,0.996233926,0.964331246,0.999292582,0.917270033,0.9972259,0.974388451,0.994213125,0.984981719,0.996479968,0.791947712,0.996707631,0.98992421,0.969335109,0.896283116,0.99773604,0.856781367,0.916807904,0.633864031
0.240051135,0.548894048,0.75595567,0.936065575,0.842819489,0.888409692,0.998842445,0.590705706,0.901496538,0.931542538,0.994435473,0.791974742,0.897011228,0.999987268,0.990296671,0.993415766,0.981792276,0.908035482,0.999975898,0.996327116,0.658014059,0.685582482,0.997631234,0.908556318,0.604282637,0.916942346,0.918239433,0.976070329,0.777805774,0.988954311,0.939978011,0.999468991,0.987497533,0.993567059,0.85156808,0.996930057,0.993462521,0.334951438,0.951163268,0.965087669,0.975075676,0.965530149
0.177326679,0.751342833,0.50291596,0.963320927,0.988991255,0.978961708,0.996927349,0.995533483,0.931729455,0.996417845,0.96256564,0.942207294,0.931942476,0.906298408,0.997170101,0.96154953,0.769595531,0.848980948,0.997973588,0.990771153,0.879527355,0.91893278,0.863722256,0.993572615,0.940518866,0.983885281,0.69098985,0.975703839,0.717287784,0.999797439,0.972059085,0.884640384,0.931659671,0.987637198,0.894807758,0.724373798,0.9051135,0.988369411,0.99885777,0.935281167,0.992002728,0.87110914
0.208831772,0.670202255,0.588924718,0.793928867,0.867268013,0.690806204,0.999934269,0.990799918,0.995818437,0.889762804,0.965548418,0.94074458,0.959963102,0.949637048,0.827117951,0.995556937,0.911013095,0.712761001,0.99782996,0.885610018,0.998463299,0.99839181,0.892949018,0.972557122,0.945982257,0.98096419,0.907477236,0.98543651,0.845432128,0.79164149,0.999614338,0.97615378,0.998949301,0.978746495,0.906973282,0.995419738,0.994679259,0.962754091,0.998443278,0.989079904,0.996652185,0.918473541
0.271764785,0.54719907,0.773467043,0.889342535,0.699596885,0.979471241,0.986545074,0.946953955,0.999981314,0.932219378,0.939393664,0.959429648,0.999981821,0.992124253,0.890481086,0.925096294,0.994613311,0.994943384,0.999906218,0.999736223,0.981484739,0.974576103,0.968796638,0.991686594,0.720038065,0.986505323,0.819547609,0.998530681,0.810206849,0.807342838,0.998307805,0.999074004,0.991901004,0.978779321,0.869772523,0.981741697,0.709605404,0.803241943,0.987561847,0.995518037,0.966049792,0.998008093
0.256526887,0.67787236,0.560766237,0.826002324,0.999554906,0.798810333,0.888548181,0.96716297,0.990876271,0.986976934,0.980405853,0.711231233,0.98457481,0.962450425,0.957417284,0.999362667,0.93352176,0.996919373,0.966250455,0.905433738,0.918527271,0.853677617,0.984000654,0.993619759,0.932639227,0.986121642,0.996055466,0.72112032,0.95594906,0.762374785,0.986550211,0.905419596,0.82932087,0.943336714,0.981520636,0.956751208,0.916114485,0.944148684,0.845985042,0.956367717,0.9297286,0.937063131
0.22049506,0.730888784,0.523451552,0.893513046,0.998144001,0.999303052,0.98568997,0.9997478,0.993367316,0.739005408,0.980642533,0.827584591,0.984551918,0.922424124,0.940296933,0.915493479,0.999931507,0.999304276,0.999655188,0.995494299,0.980413757,0.992083619,0.974850066,0.865724626,0.997296674,0.975809555,0.998488688,0.461575978,0.83624385,0.962628519,0.996782218,0.969856629,0.999998631,0.957997824,0.929535756,0.999408082,0.910251896,0.8867097,0.997130227,0.947816012,0.873164017,0.886406861
0.226441637,0.604172528,0.607811005,0.873383605,0.756599108,0.933197562,0.944782443,0.751646205,0.98809997,0.743661395,0.764674904,0.87585461,0.999515274,0.942088795,0.971369167,0.994779254,0.82740677,0.983230748,0.969891217,0.987589701,0.960144085,0.956149537,0.993844264,0.901357137,0.999280838,0.968977239,0.999928878,0.992681223,0.814393687,0.88555329,0.935437392,0.893597604,0.955471641,0.882038728,0.884565078,0.970683648,0.982968097,0.89940297,0.966899984,0.829095314,0.996718479,0.98476486
0.208915994,0.77897191,0.431981333,0.73780452,0.948693679,0.916120077,0.913427781,0.7345553,0.980401501,0.88844406,0.729470536,0.875171681,0.851238848,0.999968457,0.964525852,0.997526849,0.7907639,0.99636392,0.998420272,0.932562346,0.738161721,0.9636695,0.999937692,0.991999459,0.99853056,0.930375375,0.998065009,0.999755378,0.950606744,0.940290142,0.999688824,0.933419547,0.99987251,0.996445758,0.957167531,0.992309907,0.942593652,0.895602466,0.999894149,0.995769073,0.990838983,0.990748261
0.226498887,0.725682735,0.537672456,0.856011456,0.996001375,0.975804385,0.731659966,0.989974231,0.999002354,0.296985133,0.694409138,0.999209109,0.999898206,0.941232805,0.998626555,0.996111216,0.978094787,0.868018665,0.950863773,0.997631223,0.997893304,0.99923896,0.911345936,0.98332882,0.918693941,0.436602183,0.999161423,0.917356165,0.949531303,0.971056678,0.947544225,0.98671019,0.963404714,0.909468419,0.963749235,0.9582725,0.884610016,0.858126967,0.624075488,0.95135907,0.981452256,0.996147952
0.241651386,0.654306829,0.582676619,0.737152987,0.851857579,0.934734606,0.833794626,0.989347933,0.751455976,0.899661105,0.788171802,0.988262811,0.969676901,0.995648507,0.985031538,0.994800675,0.793939205,0.894566211,0.638511957,0.992053758,0.991750022,0.812434101,0.996415474,0.997688404,0.867399616,0.672550884,0.980687673,0.995910171,0.891430915,0.818700998,0.826865615,0.865934354,0.779746517,0.933254683,0.974829913,0.956457279,0.834780874,0.999995301,0.909010125,0.995118122,0.653799407,0.686041924
0.561662853,0.926688313,0.245079734,0.983738566,0.945943397,0.628924218,0.915718157,0.923924146,0.819298567,0.994740455,0.890004402,0.901920053,0.926422037,0.851209763,0.995552781,0.883088204,0.976813107,0.908238861,0.962240367,0.935137785,0.980271057,0.967429845,0.867444423,0.906437953,0.831894117,0.910249858,0.854762416,0.849035764,0.962058226,0.980010966,0.859272593,0.997309592,0.995600857,0.881401243,0.999255909,0.9775193,0.987593527,0.968090221,0.989065031,0.994419502,0.887712147,0.937700618
0.593674362,0.927385986,0.264992611,0.7281562,0.992745679,0.994578286,0.861319524,0.997536901,0.979597986,0.633403062,0.68536163,0.999987774,0.690417088,0.999997168,0.847287502,0.992571134,0.982932523,0.989502417,0.99279327,0.870884788,0.924994245,0.987174241,0.993043837,0.934151928,0.994127311,0.831923775,0.941499123,0.81019037,0.96008607,0.91696431,0.999986802,0.642318564,0.947569878,0.834165135,0.999355014,0.999632706,0.945592128,0.99977369,0.996297008,0.982063524,0.988631605,0.988979599
0.9,0.927385986,0.264992611,0.7281562,0.992745679,0.994578286,0.861319524,0.997536901,0.979597986,0.633403062,0.68536163,0.999987774,0.690417088,0.999997168,0.847287502,0.992571134,0.982932523,0.989502417,0.99279327,0.870884788,0.924994245,0.987174241,0.993043837,0.934151928,0.994127311,0.831923775,0.941499123,0.81019037,0.96008607,0.91696431,0.999986802,0.642318564,0.947569878,0.834165135,0.999355014,0.999632706,0.945592128,0.99977369,0.996297008,0.982063524,0.988631605,0.988979599
0.563,0.730976522,0.520206178,0.799534659,0.952821605,0.718793427,0.971128071,0.987063014,0.971576854,0.625262827,0.986117797,0.999911361,0.954904174,0.925035103,0.994444005,0.815356402,0.999857367,0.900928074,0.998583172,0.979401268,0.97966101,0.987020571,0.99699193,0.700269961,0.997067355,0.986623442,0.967677871,0.999913656,0.949892415,0.987606748,0.690120855,0.711286971,0.97991315,0.881148639,0.99207389,0.903433047,0.952775805,0.974480286,0.972903,0.999957184,0.967059847,0.992207417
0.7,0.876587093,0.322092858,0.991682966,0.954832421,0.99999702,0.695797948,0.962150027,0.99290614,0.978280602,0.999926381,0.968674457,0.979447178,0.914100017,0.986861842,0.956948035,0.692509973,0.99594761,0.944245894,0.927073658,0.977938888,0.99968272,0.930397706,0.948588508,0.791315856,0.998190411,0.999341802,0.997467002,0.729311922,0.91731267,0.798529965,0.848844639,0.999910143,0.97095678,0.948963232,0.987833166,0.633359245,0.969000988,0.950992619,0.96385028,0.981530183,0.91885683
0.8,0.855648816,0.379195439,0.49776754,0.951199756,0.969299429,0.94113955,0.989386233,0.973612981,0.890003118,0.94605706,0.949476854,0.920584635,0.999688505,0.975607521,0.938461495,0.898314118,0.77958653,0.981848185,0.812217868,0.749467248,0.783914835,0.961583345,0.898502034,0.970846491,0.800274262,0.986421274,0.605489375,0.788420012,0.989884994,0.998437454,0.973672355,0.700280528,0.995721481,0.888033571,0.999812071,0.963596825,0.861122953,0.857095568,0.975665912,0.687635567,0.983073764
0.4,0.730976522,0.520206178,0.799534659,0.952821605,0.718793427,0.971128071,0.987063014,0.971576854,0.625262827,0.986117797,0.999911361,0.954904174,0.925035103,0.994444005,0.815356402,0.999857367,0.900928074,0.998583172,0.979401268,0.97966101,0.987020571,0.99699193,0.700269961,0.997067355,0.986623442,0.967677871,0.999913656,0.949892415,0.987606748,0.690120855,0.711286971,0.97991315,0.881148639,0.99207389,0.903433047,0.952775805,0.974480286,0.972903,0.999957184,0.967059847,0.992207417
0.348520547,0.876587093,0.322092858,0.991682966,0.954832421,0.99999702,0.695797948,0.962150027,0.99290614,0.978280602,0.999926381,0.968674457,0.979447178,0.914100017,0.986861842,0.956948035,0.692509973,0.99594761,0.944245894,0.927073658,0.977938888,0.99968272,0.930397706,0.948588508,0.791315856,0.998190411,0.999341802,0.997467002,0.729311922,0.91731267,0.798529965,0.848844639,0.999910143,0.97095678,0.948963232,0.987833166,0.633359245,0.969000988,0.950992619,0.96385028,0.981530183,0.91885683
0.252200723,0.782279193,0.418687623,0.423004043,0.99950902,0.773020957,0.978125179,0.97798853,0.989024048,0.999636085,0.98332241,0.399472761,0.9726207,0.928074021,0.976354233,0.940749268,0.671800017,0.884707012,0.951772923,0.892340177,0.500777302,0.993145741,0.981100654,0.980081222,0.982811957,0.998168866,0.954323417,0.844672085,0.917541031,0.992496483,0.967752683,0.98932537,0.974785818,0.99377334,0.891169649,0.987414147,0.858215636,0.608528434,0.998480845,0.902233839,0.848881016,0.938289221
0.5,0.730976522,0.520206178,0.799534659,0.952821605,0.718793427,0.971128071,0.987063014,0.971576854,0.625262827,0.986117797,0.999911361,0.954904174,0.925035103,0.994444005,0.815356402,0.999857367,0.900928074,0.998583172,0.979401268,0.97966101,0.987020571,0.99699193,0.700269961,0.997067355,0.986623442,0.967677871,0.999913656,0.949892415,0.987606748,0.690120855,0.711286971,0.97991315,0.881148639,0.99207389,0.903433047,0.952775805,0.974480286,0.972903,0.999957184,0.967059847,0.992207417
0.341599494,0.82776767,0.420701588,0.875838624,0.997781605,0.70111222,0.881202356,0.918514067,0.681546473,0.846974796,0.908591401,0.961731343,0.87724046,0.724052483,0.989533899,0.943702823,0.994976726,0.999334134,0.993626852,0.828572434,0.912089372,0.983744807,0.996532491,0.944626968,0.925227528,0.995333801,0.946488489,0.760449055,0.997990556,0.784757267,0.995649342,0.995560148,0.708178177,0.981177705,0.999386459,0.985261838,0.934163913,0.946637013,0.987340277,0.991088085,0.996351735,0.972066424
0.63,0.673651993,0.649799878,0.910078155,0.842280905,0.908880282,0.995336221,0.995046036,0.585332202,0.648784173,0.987402044,0.995327576,0.9291056,0.692085092,0.980852309,0.969258232,0.995491196,0.762499025,0.951347586,0.993390199,0.998589061,0.979123621,0.988916616,0.987348808,0.974674931,0.969912425,0.997725854,0.999943881,0.989586245,0.993357578,0.99522833,0.917599244,0.98035515,0.88384494,0.999011964,0.987599912,0.888063784,0.906001756,0.956701427,0.999346047,0.965988853,0.999996855
0.302807778,0.524871588,0.783935641,0.749199021,0.994456742,0.685841652,0.953418235,0.925134203,0.995505587,0.926095974,0.752697881,0.686088248,0.999505651,0.998023043,0.899621385,0.768410145,0.978804223,0.937447365,0.907242154,0.7981422,0.893903805,0.972286841,0.969749492,0.888000746,0.99842232,0.997828321,0.984258575,0.692363701,0.990948624,0.911203697,0.792455801,0.84900752,0.649028757,0.940969057,0.984070759,0.998747884,0.84983013,0.938169734,0.987291003,0.995297113,0.881897277,0.686003566
0.477949977,0.725813508,0.529402419,0.90277819,0.995867284,0.958480522,0.98830029,0.955352161,0.902182321,0.996279434,0.982625723,0.894455395,0.880460049,0.989760288,0.999346862,0.987327775,0.911488222,0.999999197,0.978149429,0.988797291,0.97536988,0.81063375,0.962326253,0.590722149,0.989721931,0.995995165,0.99394431,0.84141856,0.771574136,0.903695242,0.801899797,0.61655833,0.999749716,0.679652192,0.63240386,0.907343592,0.785679405,0.983188918,0.784527123,0.889234046,0.990437357,0.690092983
0.340892583,0.802430332,0.472284286,0.783393889,0.995993412,0.963447048,0.988412335,0.971377844,0.99480545,0.995155154,0.998244637,0.546688,0.981097921,0.949023182,0.865818158,0.963570175,0.999984916,0.991260898,0.999915748,0.993002608,0.995157837,0.992302032,0.602744973,0.992047119,0.93448529,0.952357331,0.913469767,0.988814277,0.990343546,0.995998382,0.971309371,0.99956474,0.837849746,0.989078371,0.966088739,0.943423826,0.963494388,0.981782426,0.953848378,0.83443137,0.882352612,0.821157191
0.338138789,0.600743234,0.740509196,0.910848293,0.870683675,0.918738597,0.913431302,0.996532483,0.846717486,0.987040355,0.913510996,0.942020764,0.998025378,0.965483577,0.999728575,0.948066119,0.975793655,0.982174993,0.974467095,0.967569199,0.977693962,0.996556559,0.919913477,0.999731168,0.836157036,0.976475918,0.873120298,0.967644202,0.910171602,0.999821242,0.91883964,0.815710544,0.932516094,0.775725215,0.907495522,0.955679496,0.984325049,0.958596513,0.985151118,0.999313392,0.935372991,0.804675234
0.262122363,0.656355858,0.521203887,0.646490851,0.982539388,0.868742008,0.965800695,0.957992777,0.896496659,0.433416482,0.967220705,0.99163054,0.99468658,0.900665227,0.991052178,0.988865776,0.978752875,0.73922812,0.97128753,0.993814035,0.841709881,0.812505651,0.833071176,0.996717647,0.99956005,0.997952133,0.988610356,0.999802243,0.569492704,0.831559454,0.911549221,0.793522149,0.616917443,0.989548435,0.893977913,0.911295695,0.998903165,0.976920099,0.649861681,0.891467125,0.986564834,0.938966539
0.241614357,0.604346573,0.982081097,0.762139253,0.990144466,0.990144466,0.762139253,0.982081097,1,0.982081097,0.762139253,0.990144466,0.990144466,0.762139253,0.982081097,1,0.982081097,0.762139253,0.990144466,0.990144466,0.762139253,0.982081097,1,0.982081097,0.762139253,0.990144466,0.990144466,0.762139253,0.982081097,1,0.982081097,0.762139253,0.990144466,0.990144466,0.762139253,0.982081097,1,0.982081097,0.762139253,0.990144466,0.990144466,0.762139253
0.258606851,0.674416065,0.643628738,0.999676996,0.99972464,0.896050269,0.961032971,0.979503503,0.831423095,0.928622786,0.999203818,0.996097744,0.991340247,0.927958164,0.9730625,0.944872634,0.972879186,0.998522854,0.996042666,0.988863553,0.759834774,0.963518787,0.999532789,0.797560528,0.904703301,0.895392104,0.998666683,0.998516074,0.924021471,0.761053008,0.899921415,0.998262066,0.99998022,0.990929973,0.868029069,0.952304158,0.994338875,0.99995231,0.976740515,0.999979283,0.824148908,0.973764281
0.239021316,0.784263194,0.505985171,0.760383546,0.796564881,0.963265526,0.968941459,0.939926384,0.995434166,0.832394851,0.999699542,0.937998754,0.98201214,0.714795321,0.983833251,0.981801451,0.933346167,0.974616145,0.985833693,0.897256461,0.72930085,0.984662736,0.809960501,0.9966905,0.600285265,0.973152248,0.98495085,0.967428558,0.99548986,0.833783855,0.953651794,0.862833687,0.979754947,0.9852251,0.993861541,0.985637006,0.999698757,0.886737759,0.411325123,0.916850275,0.82434181,0.720009906
0.216277346,0.715515912,0.436378317,0.963075413,0.941162161,0.989524201,0.999147723,0.998257109,0.980515487,0.723882903,0.987491054,0.994714078,0.999909888,0.939038021,0.954317422,0.893647623,0.666917551,0.984066395,0.976999543,0.993741186,0.866395281,0.9856573,0.805237932,0.997329573,0.953968678,0.851136083,0.988020642,0.900374837,0.936928736,0.996777656,0.930481068,0.981432988,0.997877512,0.474863289,0.955809677,0.926181388,0.994157872,0.992781743,0.985585295,0.907703051,0.994820144,0.980320301
0.277644336,0.635767519,0.667627517,0.986280037,0.870515414,0.878245212,0.993755714,0.999967487,0.873828206,0.83229858,0.838527829,0.943835294,0.997086964,0.976444193,0.625338381,0.785483607,0.69135881,0.545515175,0.979082511,0.804255996,0.999725596,0.995874044,0.999238839,0.988791805,0.976830714,0.990342198,0.984032553,0.99096974,0.794081885,0.904186724,0.98472247,0.899060228,0.988292874,0.986846494,0.999993041,0.882511076,0.995325705,0.849295948,0.962275147,0.983083606,0.932205401,0.873110653
0.46,0.643586874,0.621985865,0.754678554,0.956668564,0.718510884,0.999815683,0.99444309,0.896476059,0.838511917,0.650023497,0.973896152,0.810862875,0.995504794,0.852467769,0.990458163,0.767673423,0.888978407,0.959667308,0.992993331,0.99976212,0.949706549,0.937038831,0.999872617,0.990400982,0.825354068,0.718238535,0.968191623,0.954635099,0.986407588,0.936876817,0.689480507,0.973991713,0.999881936,0.825346772,0.773514732,0.915482716,0.932367622,0.912043908,0.995885604,0.942583719,0.965352145
0.270208299,0.790822387,0.164160663,0.78807241,0.561858989,0.952312521,0.788163016,0.689173114,0.999996756,0.996272022,0.995097577,0.892013487,0.994847788,0.932298684,0.995797694,0.852248992,0.993978804,0.989095905,0.510544293,0.759699763,0.669544169,0.897116521,0.999358109,0.993665712,0.971408364,0.869467619,0.776828165,0.957169361,0.997904002,0.869874297,0.998000775,0.682885242,0.956389117,0.971821671,0.977105924,0.881970845,0.980678034,0.915146276,0.933703083,0.986169159,0.993929316,0.9985115
0.385930777,0.605350733,0.689113444,0.911008066,0.991360685,0.990707076,0.728112123,0.74421502,0.989448677,0.961958681,0.758132391,0.917324173,0.828188192,0.928854924,0.956907622,0.997489225,0.814158448,0.969998447,0.957700637,0.833015858,0.986980592,0.986612879,0.816801196,0.948599879,0.991349908,0.941679591,0.926470353,0.980228102,0.974688318,0.998721625,0.942483271,0.999613009,0.994976988,0.946444167,0.882560928,0.983415001,0.905594315,0.999984927,0.797056072,0.997640741,0.984959152,0.984197096
0.17895633,0.738116264,0.519103125,0.931905895,0.996519712,0.993240138,0.975779917,0.834370377,0.997608404,0.982358293,0.999978042,0.864689553,0.951258262,0.999723564,0.980538106,0.995302659,0.916926513,0.975185133,0.99966704,0.999997918,0.928093002,0.958718666,0.594000634,0.93904079,0.878706292,0.990908579,0.992060826,0.947100156,0.950334152,0.956153645,0.959212795,0.981693117,0.999327399,0.998356589,0.965768575,0.995791305,0.675374716,0.994427773,0.991407356,0.961954849,0.999384282,0.977366253
0.274787784,0.66204381,0.51035394,0.90968124,0.93249173,0.972874196,0.979526351,0.871444406,0.992018413,0.66527532,0.698804072,0.972952301,0.966397233,0.953030312,0.996208138,0.915415931,0.972643675,0.953346947,0.999844333,0.930961701,0.913377756,0.997355968,0.988316379,0.540974519,0.983620742,0.949215914,0.99507039,0.990196857,0.982663809,0.657220322,0.956752046,0.876467958,0.962447287,0.974063853,0.840522295,0.860330875,0.995900266,0.965799211,0.753125546,0.826621533,0.98005898,0.996798275
0.284558475,0.670702279,0.395766109,0.390180792,0.977777795,0.593638169,0.934957129,0.897073645,0.905018289,0.984634942,0.799239115,0.999576282,0.97763951,0.759246046,0.999846625,0.995065896,0.772614854,0.575927498,0.979741123,0.937419409,0.999903836,0.973796358,0.899635653,0.960973629,0.966114309,0.847181575,0.997804703,0.978768571,0.999890616,0.917318113,0.917128264,0.886960494,0.938436564,0.997854565,0.961631594,0.99959374,0.62198134,0.902411095,0.449720821,0.980192653,0.865843805,0.997268003
0.293850631,0.529739559,0.792859241,0.964647881,0.560931613,0.99014993,0.999547558,0.884959177,0.906961669,0.732573359,0.976245225,0.74072221,0.973313284,0.984218238,0.733432182,0.990543345,0.998608256,0.996081568,0.999222862,0.884040636,0.812863889,0.926537953,0.569927279,0.985155826,0.999201845,0.745471603,0.994535288,0.956909734,0.984549529,0.961630726,0.828004615,0.969604563,0.934121818,0.889821489,0.868184355,0.747312341,0.979607446,0.625750031,0.997983837,0.969049495,0.999825019,0.933876141
0.216277346,0.715515912,0.436378317,0.963075413,0.941162161,0.989524201,0.999147723,0.998257109,0.980515487,0.723882903,0.987491054,0.994714078,0.999909888,0.939038021,0.954317422,0.893647623,0.666917551,0.984066395,0.976999543,0.993741186,0.866395281,0.9856573,0.805237932,0.997329573,0.953968678,0.851136083,0.988020642,0.900374837,0.936928736,0.996777656,0.930481068,0.981432988,0.997877512,0.474863289,0.955809677,0.926181388,0.994157872,0.992781743,0.985585295,0.907703051,0.994820144,0.980320301
0.434812605,0.786962867,0.518115686,0.670217952,0.911390904,0.856439313,0.927755028,0.999740337,0.999985151,0.786298092,0.949365313,0.94962212,0.839498071,0.938727011,0.987154675,0.793099181,0.932686659,0.62321121,0.982273139,0.869396306,0.780043021,0.952746229,0.932343107,0.897418538,0.992820729,0.920997942,0.999107073,0.924788576,0.948990133,0.972759059,0.877196031,0.891274103,0.776939194,0.985199745,0.962397251,0.998178324,0.956657625,0.911281488,0.988167915,0.992122689,0.847503554,0.98693178
0.242192626,0.835083127,0.376622725,0.894884414,0.79334368,0.936349337,0.897828147,0.832758009,0.83959721,0.696726014,0.960822843,0.940273425,0.96894431,0.992392143,0.896809945,0.99427842,0.837397157,0.999522034,0.843375469,0.954304735,0.992946962,0.99020003,0.969253338,0.999967183,0.823585202,0.999974517,0.984970903,0.94702132,0.999737749,0.994582305,0.976747802,0.994535418,0.995519055,0.985413334,0.833561581,0.993687266,0.97000381,0.837741718,0.965256442,0.858841665,0.997301667,0.924360161
0.333881438,0.850151598,0.372659101,0.30424765,0.981423604,0.998496179,0.98410775,0.924015127,0.979032122,0.995438554,0.984299141,0.978311456,0.584065495,0.991857333,0.948169406,0.97348915,0.903322777,0.824457938,0.999656632,0.953055194,0.818313013,0.936524934,0.999674829,0.998891911,0.94546694,0.999577006,0.977644811,0.908894629,0.877520313,0.711381802,0.79684529,0.878802685,0.959687434,0.997100608,0.974737685,0.845053311,0.931310442,0.997060168,0.999990129,0.998862816,0.986522095,0.953568554
0.333819002,0.745208621,0.552160226,0.802055921,0.925636311,0.831585495,0.993771259,0.778916085,0.904646652,0.996192638,0.924318884,0.988033628,0.96025233,0.881046839,0.999942187,0.998815579,0.941590049,0.9974774,0.861167143,0.989279175,0.829388012,0.977102177,0.979743847,0.983741992,0.993353029,0.872253565,0.96136248,0.379277363,0.992102564,0.998663225,0.999080542,0.997330653,0.997977335,0.989262641,0.741372812,0.999240779,0.909007206,0.877347481,0.966392759,0.952468988,0.839978392,0.86108966
0.64414829,0.699558794,0.639328318,0.944272722,0.72236386,0.999999544,0.683869193,0.975036655,0.967148354,0.907387483,0.97995575,0.950599863,0.999475337,0.834893099,0.999452165,0.941835377,0.977638503,0.950074679,0.983346303,0.979568412,0.999622483,0.999208572,0.99827068,0.996638071,0.970901037,0.994126073,0.97777627,0.976862231,0.65002655,0.687244332,0.889173762,0.995965715,0.997693748,0.986026129,0.912240607,0.998971663,0.888578668,0.780427035,0.998960911,0.738593613,0.979411364,0.998595294
0.400309831,0.631185055,0.678347896,0.807775878,0.915902869,0.987898537,0.814314182,0.97752663,0.970295125,0.972649372,0.532762599,0.982650743,0.990571415,0.810817838,0.985482238,0.891969599,0.948901693,0.99614994,0.999921639,0.874047218,0.96853318,0.927723115,0.999803138,0.981935539,0.629743785,0.834460854,0.747230274,0.962226994,0.995721398,0.986840693,0.951820457,0.963239257,0.916089196,0.991761485,0.944935641,0.690241695,0.989698143,0.886768585,0.961228052,0.99875701,0.904156456,0.817831194
0.195776075,0.6957075,0.54866982,0.820852493,0.995641977,0.78896814,0.992976767,0.992002204,0.981611998,0.990678339,0.924196848,0.905457206,0.985992574,0.754865489,0.973595146,0.943712671,0.970128738,0.999063648,0.950048483,0.957539346,0.999904742,0.761177015,0.730717132,0.771731781,0.90586222,0.93640362,0.971518428,0.983851112,0.999843442,0.88580918,0.95351721,0.995183879,0.828203748,0.971766004,0.970049646,0.689258842,0.998737664,0.99997006,0.984866002,0.970180642,0.99908058,0.804732363
0.369612277,0.485751092,0.802009297,0.994621111,0.639415893,0.535379754,0.995666149,0.8057117,0.943228588,0.563452844,0.997779167,0.999871665,0.98350499,0.897243162,0.999330537,0.870865345,0.915946918,0.991302049,0.946783586,0.966335727,0.964328745,0.965983676,0.906197174,0.978828344,0.653856972,0.947666901,0.999526685,0.466584886,0.995283614,0.999887622,0.985523757,0.975586697,0.951917053,0.969880457,0.839594646,0.946988821,0.998121237,0.95602916,0.982895063,0.932111191,0.999837619,0.988842306
0.265042543,0.690809131,0.534866737,0.635895818,0.999923724,0.744720924,0.821264715,0.852862284,0.980591821,0.871017668,0.998065007,0.999488175,0.732370986,0.99595109,0.583068219,0.872102592,0.386696162,0.975456387,0.892657338,0.978465988,0.999937928,0.969219538,0.996736611,0.914208454,0.976111539,0.984490833,0.993054352,0.77692961,0.994145908,0.979912668,0.943189409,0.993014534,0.981212049,0.92189391,0.696859345,0.935411813,0.899522428,0.961744485,0.998133026,0.998880569,0.995026524,0.999429075
0.319845855,0.541261077,0.765903367,0.997635227,0.919545589,0.998187501,0.489021094,0.946688078,0.653943786,0.901433985,0.996303967,0.596586424,0.996297607,0.998488138,0.971260153,0.822435647,0.826433139,0.991798129,0.997328534,0.980146539,0.968030397,0.968120968,0.9650475,0.635529287,0.896522524,0.999829296,0.986703727,0.993213927,0.98197102,0.976055989,0.947136679,0.999833464,0.976754152,0.992213706,0.899703089,0.999960556,0.963021533,0.999329257,0.940412872,0.788380316,0.994432525,0.952627779
0.319845855,0.541261077,0.765903367,0.997635227,0.919545589,0.998187501,0.489021094,0.946688078,0.653943786,0.901433985,0.996303967,0.596586424,0.996297607,0.998488138,0.971260153,0.822435647,0.826433139,0.991798129,0.997328534,0.980146539,0.968030397,0.968120968,0.9650475,0.635529287,0.896522524,0.999829296,0.986703727,0.993213927,0.98197102,0.976055989,0.947136679,0.999833464,0.976754152,0.992213706,0.899703089,0.999960556,0.963021533,0.999329257,0.940412872,0.788380316,0.994432525,0.952627779
0.59,0.61977756,0.709496869,0.93118009,0.677280521,0.825626766,0.968894707,0.986710836,0.543517307,0.964234507,0.933625988,0.997958038,0.91906674,0.916880223,0.880091608,0.884421241,0.9922079,0.841326123,0.999030538,0.982089739,0.989107131,0.961691219,0.978525289,0.978561731,0.928829159,0.81863612,0.999458507,0.978035687,0.990682846,0.957574807,0.974971392,0.954892472,0.960243182,0.964460625,0.980337206,0.99916069,0.452932974,0.988146093,0.986308091,0.785276502,0.969181723,0.997793592
0.6,0.79098171,0.471525794,0.728105545,0.98142864,0.816388583,0.986985176,0.922278158,0.804383964,0.999433535,0.880065869,0.539678977,0.99205689,0.994542923,0.954298584,0.874290475,0.937647366,0.947876804,0.999682404,0.912654012,0.999473557,0.849527672,0.995363211,0.922364882,0.958552087,0.934699455,0.999394891,0.985998093,0.858077539,0.997271508,0.968658867,0.954858641,0.668468126,0.99997983,0.8719474,0.96254546,0.955720171,0.999203143,0.97712036,0.982339076,0.960557857,0.955592406
0.203657776,0.813638926,0.307132193,0.990725956,0.997008856,0.972216063,0.9967398,0.924938402,0.956378576,0.909285817,0.837481478,0.584233638,0.962872186,0.991778933,0.431237491,0.775102995,0.944179751,0.999582164,0.836579771,0.72928508,0.982602646,0.978768656,0.826717114,0.657957757,0.636441018,0.8215142,0.96301365,0.972458967,0.996196385,0.994541173,0.994253995,0.94873705,0.974605002,0.99970049,0.897522504,0.993238473,0.998631262,0.740677765,0.909660379,0.825570626,0.999989031,0.938057957
0.4034428,0.747008622,0.560203271,0.866190429,0.952126813,0.663959932,0.998925843,0.961082944,0.997499547,0.934935161,0.979438475,0.984890882,0.898947592,0.999499686,0.999966442,0.654881089,0.617887389,0.99393232,0.901929636,0.967825,0.982383592,0.986986422,0.974259377,0.953638234,0.969260944,0.952334113,0.999999872,0.888967232,0.859082328,0.972608075,0.954669986,0.995010407,0.969008146,0.940018724,0.98795126,0.949394498,0.999797495,0.905759089,0.887730437,0.681727737,0.85485898,0.990211579
0.479528397,0.580398977,0.701988501,0.580867324,0.926461222,0.995358807,0.977076508,0.939607198,0.919613949,0.983222309,0.934706039,0.992080431,0.999660821,0.797518578,0.980859805,0.988916115,0.929890225,0.995925155,0.289122887,0.834658067,0.90408064,0.999997741,0.999792271,0.858563767,0.556700305,0.958253103,0.829417186,0.999998783,0.914463433,0.999690379,0.997130364,0.989183248,0.990653691,0.989693581,0.994132403,0.972074439,0.925657119,0.987713853,0.705817835,0.911521626,0.996190171,0.947050353
0.304174453,0.766864598,0.272409271,0.971785144,0.671816139,0.953115041,0.813497091,0.732814231,0.999955541,0.99532223,0.829883778,0.885184225,0.918048124,0.989493527,0.869027868,0.901065771,0.804835681,0.845928226,0.999984035,0.906440567,0.88794442,0.985053105,0.999850074,0.921110264,0.976361202,0.991431481,0.984160846,0.72212636,0.96372795,0.988269563,0.997355645,0.993429596,0.993155617,0.988422453,0.997460336,0.997806806,0.963803837,0.975864863,0.998333263,0.994862209,0.973024998,0.956459874
0.314171076,0.552645564,0.75637005,0.924206755,0.930677648,0.971267918,0.912588181,0.962584543,0.774443355,0.980065315,0.998144537,0.959902677,0.992920293,0.942818218,0.988551129,0.971859319,0.760798784,0.714850062,0.989071623,0.849515516,0.811716411,0.936536202,0.560109349,0.999399677,0.874093638,0.994325664,0.991647967,0.680152662,0.579032648,0.75969873,0.852696097,0.834016297,0.975896812,0.999966256,0.999718623,0.912163111,0.941687598,0.994902487,0.891040443,0.860069675,0.997772796,0.988260189
0.362348974,0.689802229,0.591899818,0.779841116,0.842013623,0.809505088,0.753861088,0.803600321,0.969797571,0.942701044,0.961291099,0.965595083,0.99933075,0.93248456,0.986734782,0.989499063,0.888428487,0.977436645,0.980517525,0.985798255,0.621743264,0.991940792,0.922337784,0.777350303,0.999979717,0.894648425,0.993359247,0.782993162,0.999369624,0.897532545,0.81528294,0.616377847,0.861268918,0.993639188,0.983715346,0.669338983,0.902411063,0.996828932,0.994578757,0.823048755,0.943426231,0.679629988
0.384607643,0.614363432,0.664975464,0.699464401,0.902130865,0.967356342,0.981797098,0.944508716,0.869115683,0.924944075,0.642680177,0.964059152,0.955530353,0.915505004,0.980082264,0.977986639,0.998837508,0.999379127,0.99993485,0.844559238,0.994930045,0.999903292,0.968951094,0.933139655,0.960836805,0.955495554,0.913175848,0.930806679,0.572888573,0.99440772,0.930631028,0.693198818,0.984959659,0.719712724,0.798509419,0.903569023,0.956855342,0.975506836,0.985780991,0.798248534,0.998176423,0.995015858
1,0.886853039,0.408230592,0.920381522,0.239209733,0.992177489,0.996396555,0.997824606,0.957860397,0.999998204,0.792663942,0.994911536,0.65708173,0.998270979,0.895501514,0.999971214,0.996563808,0.999996594,0.749807349,0.998612408,0.725727699,0.999890563,0.969849841,0.999719857,0.824049293,0.999983452,0.997907969,0.999949721,0.997601681,0.998822894,0.691143294,0.999468926,0.998123263,0.999998155,0.992452111,0.998992828,0.934329399,0.995021676,0.629731774,0.998292908,0.988372964,0.999977807
0.252964437,0.612320483,0.616779833,0.362915007,0.998057562,0.752514872,0.987024094,0.995605416,0.960618933,0.916623302,0.835306213,0.983420272,0.993428149,0.999180781,0.992177202,0.99036305,0.999688442,0.647538012,0.879021066,0.940992267,0.970840754,0.9439537,0.955189789,0.817620717,0.990476882,0.999318705,0.961533446,0.999561364,0.919154922,0.717214274,0.451542583,0.991163035,0.95788278,0.996410496,0.94335447,0.999981941,0.950221897,0.968852891,0.998598109,0.969949382,0.762780369,0.995694853
0.452837259,0.676748216,0.671679742,0.784045718,0.712296803,0.726298583,0.999839361,0.989345498,0.99877246,0.953357105,0.983874226,0.889741785,0.99982081,0.998579277,0.999126663,0.982247772,0.999371822,0.994054923,0.856065371,0.952473454,0.98811437,0.999822023,0.999722239,0.785922815,0.796943234,0.98055059,0.974364986,0.932506782,0.980557883,0.939139134,0.991626872,0.997392877,0.997903333,0.980190346,0.988524581,0.997067977,0.863817032,0.99999416,0.814260303,0.970523119,0.969714321,0.933353314
0.294648647,0.738692701,0.533220455,0.898778698,0.93584259,0.913633038,0.925364122,0.816136583,0.978598765,0.960568142,0.989537813,0.943193923,0.935979869,0.999897724,0.998928935,0.708067059,0.856513988,0.972149141,0.554625774,0.97640033,0.996682247,0.999939935,0.650130426,0.976076898,0.971997322,0.801076312,0.999894887,0.790747425,0.998896717,0.844917018,0.816487294,0.945427093,0.561621832,0.874487417,0.882522002,0.981524439,0.9583613,0.95655729,0.909421282,0.937249794,0.999972441,0.996116747
0.92,0.923622131,0.160321166,0.606228185,0.971538255,0.997840664,0.999169081,0.977682793,0.76060357,0.944388518,0.997376776,0.70243881,0.895054575,0.609055269,0.929023979,0.999848039,0.721625879,0.97700403,0.974972601,0.998079057,0.887351019,0.964520757,0.979661783,0.992019573,0.964148439,0.993982783,0.850112661,0.91487478,0.82140733,0.960643284,0.805961789,0.937471621,0.953895855,0.976767099,0.946664,0.574797267,0.997383979,0.870917064,0.893599793,0.99334977,0.991874616,0.962154085
0.368292779,0.786767662,0.451218068,0.826553143,0.998055118,0.903318199,0.995642324,0.878375927,0.976774098,0.939510557,0.983313966,0.935056181,0.96543331,0.996292293,0.9802293,0.728337281,0.938366259,0.972833011,0.992678296,0.973883093,0.818897353,0.992671213,0.936858808,0.97811983,0.99573943,0.933726923,0.96225061,0.893068206,0.820217663,0.939982483,0.981822836,0.713424824,0.945870998,0.956854881,0.999903482,0.993719492,0.955970673,0.854947681,0.996203366,0.971879009,0.991863024,0.92521588
0.42283234,0.641664147,0.562065411,0.738484768,0.990022978,0.764850441,0.441954804,0.498647843,0.984054381,0.809053831,0.94553742,0.822638152,0.979412596,0.784208821,0.999611986,0.993625171,0.763547523,0.998313766,0.973154602,0.79562716,0.99985031,0.892675539,0.826925286,0.980871078,0.741390641,0.974094849,0.999546352,0.959905677,0.97813396,0.738573947,0.927865237,0.708665729,0.926623048,0.812596646,0.991938383,0.961077274,0.681927044,0.988480572,0.981734008,0.99477952,0.977904894,0.920795712
0.223446444,0.768371046,0.305202607,0.752752068,0.769784561,0.900978607,0.994786928,0.988592639,0.914025008,0.988718122,0.970140136,0.999765852,0.996993953,0.98493413,0.998825804,0.634879534,0.533659437,0.836458667,0.861012754,0.806168358,0.999897429,0.972855976,0.984873524,0.976407072,0.987062356,0.998626085,0.990603584,0.929545297,0.855830137,0.960635379,0.66484873,0.991746013,0.977034938,0.932773939,0.998826887,0.815172923,0.946649665,0.99992452,0.886424551,0.96334338,0.970730729,0.998281808
1,0.966345072,0.222149556,0.614022248,0.954893147,0.925244598,0.889083398,0.927618726,0.730125482,0.9267611,0.517716797,0.93035353,0.638509024,0.642148582,0.999285981,0.979127855,0.861268614,0.847774231,0.889881926,0.904831254,0.946718817,0.972927714,0.999985803,0.789955557,0.966719203,0.87076154,0.974314099,0.801211541,0.932504236,0.986718899,0.869626866,0.846812845,0.977245174,0.831762735,0.945915613,0.870880026,0.99963539,0.887111246,0.998729133,0.997798376,0.932696607,0.970646741
1,0.996494174,0.059714831,0.938998702,0.996382225,0.991696262,0.999574691,0.996278706,0.50507633,1,0.455641569,0.997025991,0.985559123,0.994653765,0.916725686,0.996121523,0.760214024,0.999493639,0.754734026,0.991905623,0.936449899,0.998024132,0.986225134,0.988935649,0.995428785,0.991236124,0.989842444,0.99685766,0.876259958,0.992180404,0.838957492,0.999966172,0.977565673,0.974438959,0.99148106,0.999029126,0.990240288,0.930760506,0.799668635,0.948792394,0.981662441,0.999316767
